0.051763057708740234
0.04734444618225098
0.044904232025146484
0.17628860473632812
0.09111833572387695
0.19157671928405762
0.10645437240600586
0.04846358299255371
0.048644304275512695
0.22742295265197754
0.13991856575012207
0.051888227462768555
0.2644166946411133
0.05175590515136719
0.07597565650939941
0.10114717483520508
0.19547080993652344
0.11747884750366211
0.22321677207946777
0.1371164321899414
0.23878002166748047
0.055619239807128906
0.1655118465423584
0.2824242115020752
0.04645967483520508
0.08563876152038574
0.19806241989135742
0.11032438278198242
0.22644519805908203
0.14014911651611328
0.2440352439880371
0.05659198760986328
0.15569615364074707
0.27682995796203613
0.04843473434448242
0.09243988990783691
0.09688544273376465
0.05034279823303223
0.05728459358215332
0.12589240074157715
0.4522078037261963
0.15102601051330566
0.2711362838745117
0.04841423034667969
0.07760238647460938
0.08672738075256348
0.09389758110046387
0.20545601844787598
0.12295317649841309
0.13089919090270996
0.14049625396728516
0.25019240379333496
0.05657529830932617
0.16713261604309082
0.05397653579711914
0.09679913520812988
0.552415132522583
0.26064157485961914
0.08394479751586914
0.04857301712036133
0.1805558204650879
0.07689976692199707
0.10388636589050293
0.14803791046142578
0.14211559295654297
0.1579914093017578
0.05241513252258301
0.09955787658691406
0.4172801971435547
0.13347983360290527
0.23678874969482422
0.14204645156860352
0.04902839660644531
0.16636157035827637
0.27347540855407715
0.04778480529785156
0.09643435478210449
0.20746159553527832
0.05349898338317871
0.1213076114654541
0.1509101390838623
0.13874149322509766
0.3002312183380127
0.04680132865905762
0.27849745750427246
0.05868196487426758
0.09053421020507812
0.21201372146606445
0.12456297874450684
0.05043673515319824
0.1408216953277588
0.2558755874633789
0.047341346740722656
0.2650609016418457
0.056146860122680664
0.17941880226135254
0.08356666564941406
0.051436424255371094
0.11219358444213867
0.15728306770324707
0.12558460235595703
0.30203986167907715
0.04608511924743652
0.2667851448059082
0.05432629585266113
0.0778045654296875
0.11350226402282715
0.20719289779663086
0.1144554615020752
0.04806947708129883
0.1300044059753418
0.0549771785736084
0.15077495574951172
0.36865997314453125
0.08508014678955078
0.18751287460327148
0.09243893623352051
0.2035377025604248
0.11602950096130371
0.22008275985717773
0.1269979476928711
0.23853111267089844
0.04597067832946777
0.2689495086669922
0.058112382888793945
0.08780050277709961
0.19890379905700684
0.11269116401672363
0.2164289951324463
0.3268406391143799
0.04749870300292969
0.13977813720703125
0.04808521270751953
0.12060856819152832
0.2781555652618408
0.050957679748535156
0.09164714813232422
0.09966588020324707
0.04898548126220703
0.11408543586730957
0.4424443244934082
0.15160727500915527
0.2527608871459961
0.05053067207336426
0.26842451095581055
0.05036187171936035
0.09496545791625977
0.049115896224975586
0.10723495483398438
0.24483537673950195
0.05469918251037598
0.07186317443847656
0.06405949592590332
0.049335479736328125
0.051180124282836914
0.05133795738220215
0.04901742935180664
0.05367398262023926
0.0552978515625
0.1258397102355957
0.057984113693237305
0.05313611030578613
0.050927162170410156
0.16230416297912598
0.08315563201904297
0.0839223861694336
0.19444036483764648
0.13285326957702637
0.1324315071105957
0.12107610702514648
0.1690833568572998
0.09088373184204102
0.04725337028503418
0.05127525329589844
0.05099153518676758
0.09432029724121094
0.3169057369232178
0.07268953323364258
0.04945182800292969
0.22460126876831055
0.23972177505493164
0.04829001426696777
0.16502761840820312
0.32133054733276367
0.04750347137451172
0.19087743759155273
0.08813118934631348
0.21317291259765625
0.05404472351074219
0.12489151954650879
0.16541743278503418
0.04856252670288086
0.1506941318511963
0.2711036205291748
0.04894614219665527
0.07536625862121582
0.0469818115234375
0.0891728401184082
0.052576303482055664
0.051711320877075195
0.12906885147094727
0.05547976493835449
0.26564955711364746
0.049837350845336914
0.277554988861084
0.05329608917236328
0.04907679557800293
0.09704947471618652
0.22575759887695312
0.12394452095031738
0.23602771759033203
0.05798649787902832
0.16756892204284668
0.4764118194580078
0.18574309349060059
0.08392333984375
0.05349850654602051
0.14898967742919922
0.21312212944030762
0.054647207260131836
0.049378156661987305
0.14669132232666016
0.46141481399536133
0.17360472679138184
0.2738020420074463
0.05445456504821777
0.09747076034545898
0.17170071601867676
0.11288952827453613
0.22441315650939941
0.12855267524719238
0.254986047744751
0.04988813400268555
0.2695434093475342
0.05788564682006836
0.07837343215942383
0.19337010383605957
0.11590099334716797
0.22035980224609375
0.4303147792816162
0.14071869850158691
0.24683880805969238
0.15252113342285156
0.27109241485595703
0.04729795455932617
0.1946854591369629
0.09573721885681152
0.21101903915405273
0.05391883850097656
0.33168745040893555
0.24947428703308105
0.04786562919616699
0.25717592239379883
0.472745418548584
0.18326687812805176
0.0909733772277832
0.20269536972045898
0.21024656295776367
0.12724804878234863
0.2361466884613037
0.1468806266784668
0.08413052558898926
0.16174578666687012
0.2728285789489746
0.39154839515686035
0.09370112419128418
0.20509004592895508
0.11144375801086426
0.04856419563293457
0.23141813278198242
0.14481711387634277
0.24788904190063477
0.24800515174865723
0.05193614959716797
0.07062149047851562
0.08780336380004883
0.08255147933959961
0.103973388671875
0.04545950889587402
0.2610290050506592
0.04675769805908203
0.0745093822479248
0.18549489974975586
0.09167122840881348
0.20859169960021973
0.10837984085083008
0.045548200607299805
0.13604974746704102
0.047074317932128906
0.04665660858154297
0.26617932319641113
0.26628637313842773
0.07372856140136719
0.14163732528686523
0.2520112991333008
0.048105716705322266
0.163682222366333
0.07835578918457031
0.18619441986083984
0.07200264930725098
0.044744253158569336
0.04720926284790039
0.205247163772583
0.23762965202331543
0.04803824424743652
0.1630079746246338
0.04557323455810547
0.04535245895385742
0.046593666076660156
0.09471702575683594
0.2149190902709961
0.04323267936706543
0.12060213088989258
0.13964271545410156
0.25515055656433105
0.04847240447998047
0.07785177230834961
